TITLE	m/z	Fragment1	Fragment2	Theoretical Mass	Actual Mass	Charge
CL_SITE_SEQ_1	CL_SITE_SEQ_2	SCORE
Zybaylov_012312_BSA_ox_regularHighCh.2061.2061.5	936.449951171875000	DDSPDLPKLKPDPNTLcDEFKADEK	LFTFHADIcTLPDTEK	4677.21447	4677.21044921875	5.0000000000000	0.0631225292100892
		17	9	0.0631225292100892
Zybaylov_012312_BSA_ox_regularHighCh.1223.1223.4	897.167724609375000	LKPDPNTLcDEFKADEKK	DDPHAcYSTVFDK	3584.64412	3584.6396484375	4.0000000000000	0.0391399486648279
		9	6	0.0391399486648279
Zybaylov_012312_BSA_ox_regularHighCh.2301.2301.5	708.548400878906250	QNcDQFEKLGEYGFQNALIVRYTR	cASIQK	3537.71346	3537.70288085937	5.0000000000000	0.117330118696038
		3	1	0.117330118696038
Zybaylov_012312_BSA_ox_regularHighCh.1803.1803.5	640.293640136718750	SLGKVGTRccTKPESER	TcVADESHAGcEK	3196.43711	3196.42895507812	5.0000000000000	0.114758892362739
		10	11	0.114758892362739
		10	2	0.105453681444625
		9	11	0.114758892362739
		9	2	0.105453681444625
Zybaylov_012312_BSA_ox_regularHighCh.1812.1812.5	640.294372558593750	SLGKVGTRccTKPESER	TcVADESHAGcEK	3196.43711	3196.4326171875	5.0000000000000	0.107388278965402
		10	11	0.0824175824175824
		10	2	0.107388278965402
		9	11	0.0749250749250749
		9	2	0.0998957714728945
Zybaylov_012312_BSA_ox_regularHighCh.2370.2370.4	918.701843261718750	SLGKVGTRccTKPESER	RPcFSALTPDETYVPK	3670.79075	3670.77612304688	4.0000000000000	0.0468507221348609
		10	3	0.0441694318082544
		9	3	0.0468507221348609
Zybaylov_012312_BSA_ox_regularHighCh.2562.2562.5	655.542114257812500	LcVLHEKTPVSEKVTK	VGTRccTKPESER	3272.66809	3272.67138671875	5.0000000000000	0.136014902603804
		2	5	0.136014902603804
		2	6	0.136014902603804
Zybaylov_012312_BSA_ox_regularHighCh.2076.2076.5	507.867889404296875	SLHTLFGDELcKVASLR	cASIQK	2534.29863	2534.30029296875	5.0000000000000	0.144490312624035
		11	1	0.144490312624035
Zybaylov_012312_BSA_ox_regularHighCh.1169.1169.5	572.268554687500000	NEcFLSHKDDSPDLPK	SHcIAEVEK	2856.30597	2856.3037109375	5.0000000000000	0.0810844268383263
		3	3	0.0810844268383263
Zybaylov_012312_BSA_ox_regularHighCh.1319.1319.5	574.064941406250000	NEcFLSHKDDSPDLPK	ccTESLVNR	2865.27329	2865.28564453125	5.0000000000000	0.0623390296160703
		3	1	0.0607126960225236
		3	2	0.0623390296160703
Zybaylov_012312_BSA_ox_regularHighCh.674.674.4	642.524108886718750	NEcFLSHKDDSPDLPK	ccAADDK	2566.07755	2566.06518554688	4.0000000000000	0.0311855447165287
		3	1	0.0303586824789676
		3	2	0.0311855447165287
Zybaylov_012312_BSA_ox_regularHighCh.1433.1433.5	522.659240722656250	LKPDPNTLcDEFKADEK	cASIQK	2608.25142	2608.25708007812	5.0000000000000	0.0939502448504998
		9	1	0.0939502448504998
Zybaylov_012312_BSA_ox_regularHighCh.2373.2373.4	627.317749023437500	GAcLLPKIETMR	EccDKPLLEK	2505.24648	2505.23974609375	4.0000000000000	0.0387323943661972
		3	2	0.0344287949921753
		3	3	0.0387323943661972
Zybaylov_012312_BSA_ox_regularHighCh.2375.2375.5	502.054901123046875	GAcLLPKIETMR	EccDKPLLEK	2505.24648	2505.2353515625	5.0000000000000	0.0693133919592614
		3	2	0.0650695647987676
		3	3	0.0693133919592614
Zybaylov_012312_BSA_ox_regularHighCh.2379.2379.4	627.317321777343750	GAcLLPKIETMR	EccDKPLLEK	2505.24648	2505.23803710937	4.0000000000000	0.0342679127725857
		3	2	0.0285565939771547
		3	3	0.0342679127725857
Zybaylov_012312_BSA_ox_regularHighCh.2570.2570.4	473.991485595703125	LRcASIQK	NEcFLSHK	1891.93975	1891.93469238281	4.0000000000000	0.0574712643678161
		3	3	0.0574712643678161
Zybaylov_012312_BSA_ox_regularHighCh.2573.2573.4	473.991027832031250	LRcASIQK	NEcFLSHK	1891.93975	1891.93286132812	4.0000000000000	0.0739814383951192
		3	3	0.0739814383951192
Zybaylov_012312_BSA_ox_regularHighCh.1981.1981.5	749.136718750000000	EccHGDLLEcADDRADLAK	MPcTEDYLSLILNR	3740.66146	3740.64453125	5.0000000000000	0.11841605703418
		10	3	0.11841605703418
		2	3	0.102112348509043
		3	3	0.102112348509043
Zybaylov_012312_BSA_ox_regularHighCh.2667.2667.5	507.048065185546875	ADLAKYIcDNQDTISSK	cASIQK	2530.20445	2530.201171875	5.0000000000000	0.0955678670360111
		8	1	0.0955678670360111
Zybaylov_012312_BSA_ox_regularHighCh.1224.1224.5	561.274658203125000	YIcDNQDTISSKLK	EccDKPLLEK	2801.32868	2801.33422851562	5.0000000000000	0.0855387510831889
		3	2	0.0855387510831889
		3	3	0.0804613030762565
Zybaylov_012312_BSA_ox_regularHighCh.1291.1291.5	561.271362304687500	YIcDNQDTISSKLK	EccDKPLLEK	2801.32868	2801.31762695312	5.0000000000000	0.0584394187036921
		3	2	0.0573008987795935
		3	3	0.0584394187036921
Zybaylov_012312_BSA_ox_regularHighCh.1322.1322.5	561.273315429687500	YIcDNQDTISSKLK	EccDKPLLEK	2801.32868	2801.32739257812	5.0000000000000	0.0433118898647789
		3	2	0.042181946361954
		3	3	0.0433118898647789
Zybaylov_012312_BSA_ox_regularHighCh.1224.1224.5	561.274658203125000	LKEccDKPLLEK	YIcDNQDTISSK	2801.32868	2801.33422851562	5.0000000000000	0.0843668760831889
		4	3	0.0843668760831889
		5	3	0.0792894280762565
Zybaylov_012312_BSA_ox_regularHighCh.1291.1291.5	561.271362304687500	LKEccDKPLLEK	YIcDNQDTISSK	2801.32868	2801.31762695312	5.0000000000000	0.047435041551702
		4	3	0.047435041551702
		5	3	0.047435041551702
Zybaylov_012312_BSA_ox_regularHighCh.1322.1322.5	561.273315429687500	LKEccDKPLLEK	YIcDNQDTISSK	2801.32868	2801.32739257812	5.0000000000000	0.042181946361954
		4	3	0.042181946361954
		5	3	0.0372861772855898
Zybaylov_012312_BSA_ox_regularHighCh.1214.1214.6	646.141967773437500	EccDKPLLEKSHcIAEVEK	LAKEYEATLEEccAK	3870.786	3870.80493164062	6.0000000000000	0.0849330201131403
		13	12	0.0849330201131403
		13	13	0.0849330201131403
		2	12	0.0667338382957457
		2	13	0.0667338382957457
		3	12	0.0679472572821839
		3	13	0.0679472572821839
Zybaylov_012312_BSA_ox_regularHighCh.1214.1214.6	646.141967773437500	LAKEYEATLEEccAK	EccDKPLLEKSHcIAEVEK	3870.786	3870.80493164062	6.0000000000000	0.083719601126702
		12	13	0.083719601126702
		12	2	0.0655204193093074
		12	3	0.0667338382957457
		13	13	0.083719601126702
		13	2	0.0655204193093074
		13	3	0.0667338382957457
Zybaylov_012312_BSA_ox_regularHighCh.1901.1901.4	688.577026367187500	DDPHAcYSTVFDKLK	SHcIAEVEK	2750.26812	2750.27685546875	4.0000000000000	0.0591211649135456
		6	3	0.0591211649135456
Zybaylov_012312_BSA_ox_regularHighCh.1265.1265.4	954.462524414062500	HLVDEPQNLIKQNcDQFEK	LKPDPNTLcDEFK	3813.83438	3813.81884765625	4.0000000000000	0.0578517261889495
		14	9	0.0578517261889495
Zybaylov_012312_BSA_ox_regularHighCh.2562.2562.5	655.542114257812500	VGTRccTKPESER	LcVLHEKTPVSEKVTK	3272.66809	3272.67138671875	5.0000000000000	0.136014902603804
		5	2	0.136014902603804
		6	2	0.136014902603804
Zybaylov_012312_BSA_ox_regularHighCh.2540.2540.5	617.116516113281250	GLVLIAFSQYLQQcPFDEHVK	cASIQK	3080.54648	3080.54345703125	5.0000000000000	0.0532006868954467
		14	1	0.0532006868954467
Zybaylov_012312_BSA_ox_regularHighCh.2562.2562.5	655.542114257812500	GLVLIAFSQYLQQcPFDEHVK	LcVLHEK	3272.67275	3272.67138671875	5.0000000000000	0.0896469625739855
		14	2	0.0896469625739855
Zybaylov_012312_BSA_ox_regularHighCh.1803.1803.5	640.293640136718750	TcVADESHAGcEK	SLGKVGTRccTKPESER	3196.43711	3196.42895507812	5.0000000000000	0.065136476426799
		11	10	0.065136476426799
		11	9	0.065136476426799
		2	10	0.0558312655086849
		2	9	0.0558312655086849
Zybaylov_012312_BSA_ox_regularHighCh.1812.1812.5	640.294372558593750	TcVADESHAGcEK	SLGKVGTRccTKPESER	3196.43711	3196.4326171875	5.0000000000000	0.107388278965402
		11	10	0.0824175824175824
		11	9	0.0749250749250749
		2	10	0.107388278965402
		2	9	0.0998957714728945
Zybaylov_012312_BSA_ox_regularHighCh.1803.1803.5	640.293640136718750	TcVADESHAGcEK	LFTFHADIcTLPDTEK	3196.41528	3196.42895507812	5.0000000000000	0.0841935483870968
		11	9	0.0841935483870968
		2	9	0.0748387096774193
Zybaylov_012312_BSA_ox_regularHighCh.1573.1573.4	502.999450683593750	SLHTLFGDELcK	cASIQK	2007.97587	2007.96655273438	4.0000000000000	0.0506287957428023
		11	1	0.0506287957428023
Zybaylov_012312_BSA_ox_regularHighCh.1897.1897.4	687.322265625000000	SLHTLFGDELcK	YIcDNQDTISSK	2745.26269	2745.2578125	4.0000000000000	0.0426804708935353
		11	3	0.0426804708935353
Zybaylov_012312_BSA_ox_regularHighCh.1775.1775.5	475.018615722656250	SLHTLFGDELcK	QNcDQFEK	2370.06213	2370.05395507812	5.0000000000000	0.0302334972117096
		11	3	0.0302334972117096
Zybaylov_012312_BSA_ox_regularHighCh.1839.1839.5	441.027862548828125	SLHTLFGDELcK	LcVLHEK	2200.10214	2200.10009765625	5.0000000000000	0.0507019442531389
		11	2	0.0507019442531389
Zybaylov_012312_BSA_ox_regularHighCh.1848.1848.4	551.033386230468750	SLHTLFGDELcK	LcVLHEK	2200.10214	2200.10229492188	4.0000000000000	0.063221409025724
		11	2	0.063221409025724
Zybaylov_012312_BSA_ox_regularHighCh.2570.2570.4	473.991485595703125	NEcFLSHK	LRcASIQK	1891.93975	1891.93469238281	4.0000000000000	0.0574712643678161
		3	3	0.0574712643678161
Zybaylov_012312_BSA_ox_regularHighCh.2573.2573.4	473.991027832031250	NEcFLSHK	LRcASIQK	1891.93975	1891.93286132812	4.0000000000000	0.0739814383951192
		3	3	0.0739814383951192
Zybaylov_012312_BSA_ox_regularHighCh.740.740.4	406.695953369140625	NEcFLSHK	cASIQK	1622.75456	1622.75256347656	4.0000000000000	0.0513437392970874
		3	1	0.0513437392970874
Zybaylov_012312_BSA_ox_regularHighCh.1265.1265.4	954.462524414062500	LKPDPNTLcDEFK	HLVDEPQNLIKQNcDQFEK	3813.83438	3813.81884765625	4.0000000000000	0.0569518386748888
		9	14	0.0569518386748888
Zybaylov_012312_BSA_ox_regularHighCh.2073.2073.5	668.932800292968750	LKPDPNTLcDEFK	RPcFSALTPDETYVPK	3339.61571	3339.62475585938	5.0000000000000	0.0399219399473024
		9	3	0.0399219399473024
Zybaylov_012312_BSA_ox_regularHighCh.1371.1371.4	522.004150390625000	GAcLLPK	YIcDNQDTISSK	2083.99192	2083.9853515625	4.0000000000000	0.0601591316869576
		3	3	0.0601591316869576
Zybaylov_012312_BSA_ox_regularHighCh.1380.1380.4	522.005798339843750	GAcLLPK	YIcDNQDTISSK	2083.99192	2083.99194335938	4.0000000000000	0.0437934744346774
		3	3	0.0437934744346774
Zybaylov_012312_BSA_ox_regularHighCh.2301.2301.5	708.548400878906250	cASIQK	QNcDQFEKLGEYGFQNALIVRYTR	3537.71346	3537.70288085937	5.0000000000000	0.106901000770519
		1	3	0.106901000770519
Zybaylov_012312_BSA_ox_regularHighCh.2076.2076.5	507.867889404296875	cASIQK	SLHTLFGDELcKVASLR	2534.29863	2534.30029296875	5.0000000000000	0.140400696692314
		1	11	0.140400696692314
Zybaylov_012312_BSA_ox_regularHighCh.1433.1433.5	522.659240722656250	cASIQK	LKPDPNTLcDEFKADEK	2608.25142	2608.25708007812	5.0000000000000	0.0822978242206885
		1	9	0.0822978242206885
Zybaylov_012312_BSA_ox_regularHighCh.2667.2667.5	507.048065185546875	cASIQK	ADLAKYIcDNQDTISSK	2530.20445	2530.201171875	5.0000000000000	0.0796398891966759
		1	8	0.0796398891966759
Zybaylov_012312_BSA_ox_regularHighCh.2540.2540.5	617.116516113281250	cASIQK	GLVLIAFSQYLQQcPFDEHVK	3080.54648	3080.54345703125	5.0000000000000	0.0463364419450404
		1	14	0.0463364419450404
Zybaylov_012312_BSA_ox_regularHighCh.1573.1573.4	502.999450683593750	cASIQK	SLHTLFGDELcK	2007.97587	2007.96655273438	4.0000000000000	0.0478815429955495
		1	11	0.0478815429955495
Zybaylov_012312_BSA_ox_regularHighCh.740.740.4	406.695953369140625	cASIQK	NEcFLSHK	1622.75456	1622.75256347656	4.0000000000000	0.0489947460084968
		1	3	0.0489947460084968
Zybaylov_012312_BSA_ox_regularHighCh.888.888.4	508.989044189453125	cASIQK	YIcDNQDTISSK	2031.92422	2031.92492675781	4.0000000000000	0.0372670807453416
		1	3	0.0372670807453416
Zybaylov_012312_BSA_ox_regularHighCh.891.891.4	508.989379882812500	cASIQK	YIcDNQDTISSK	2031.92422	2031.92626953125	4.0000000000000	0.0378151260504202
		1	3	0.0378151260504202
Zybaylov_012312_BSA_ox_regularHighCh.645.645.4	416.205352783203125	cASIQK	SHcIAEVEK	1660.79135	1660.79016113281	4.0000000000000	0.0357812654229592
		1	3	0.0357812654229592
Zybaylov_012312_BSA_ox_regularHighCh.648.648.4	416.205657958984375	cASIQK	SHcIAEVEK	1660.79135	1660.79138183594	4.0000000000000	0.0360263425833905
		1	3	0.0360263425833905
Zybaylov_012312_BSA_ox_regularHighCh.742.742.4	416.206481933593750	cASIQK	SHcIAEVEK	1660.79135	1660.79467773438	4.0000000000000	0.0579497194348965
		1	3	0.0579497194348965
Zybaylov_012312_BSA_ox_regularHighCh.625.625.4	415.187622070312500	cASIQK	QNcDQFEK	1656.72366	1656.71923828125	4.0000000000000	0.023728813559322
		1	3	0.023728813559322
Zybaylov_012312_BSA_ox_regularHighCh.627.627.4	415.187683105468750	cASIQK	QNcDQFEK	1656.72366	1656.71948242188	4.0000000000000	0.0264150943396226
		1	3	0.0264150943396226
Zybaylov_012312_BSA_ox_regularHighCh.2398.2398.4	579.286315917968750	cASIQK	MPcTEDYLSLILNR	2313.11681	2313.11401367188	4.0000000000000	0.0337397489204781
		1	3	0.0337397489204781
Zybaylov_012312_BSA_ox_regularHighCh.1522.1522.4	618.306762695312500	cASIQK	RPcFSALTPDETYVPK	2469.20333	2469.19580078125	4.0000000000000	0.118208159443638
		1	3	0.118208159443638
Zybaylov_012312_BSA_ox_regularHighCh.1524.1524.4	618.305908203125000	cASIQK	RPcFSALTPDETYVPK	2469.20333	2469.1923828125	4.0000000000000	0.103612758335885
		1	3	0.103612758335885
Zybaylov_012312_BSA_ox_regularHighCh.1895.1895.4	625.058715820312500	cASIQK	LFTFHADIcTLPDTEK	2496.20299	2496.20361328125	4.0000000000000	0.0454197639855245
		1	9	0.0454197639855245
Zybaylov_012312_BSA_ox_regularHighCh.1912.1912.4	625.058288574218750	cASIQK	LFTFHADIcTLPDTEK	2496.20299	2496.20190429688	4.0000000000000	0.025092266367278
		1	9	0.025092266367278
Zybaylov_012312_BSA_ox_regularHighCh.1224.1224.5	561.274658203125000	YIcDNQDTISSK	LKEccDKPLLEK	2801.32868	2801.33422851562	5.0000000000000	0.0843668760831889
		3	4	0.0843668760831889
		3	5	0.0792894280762565
Zybaylov_012312_BSA_ox_regularHighCh.1291.1291.5	561.271362304687500	YIcDNQDTISSK	LKEccDKPLLEK	2801.32868	2801.31762695312	5.0000000000000	0.047435041551702
		3	4	0.047435041551702
		3	5	0.047435041551702
Zybaylov_012312_BSA_ox_regularHighCh.1322.1322.5	561.273315429687500	YIcDNQDTISSK	LKEccDKPLLEK	2801.32868	2801.32739257812	5.0000000000000	0.042181946361954
		3	4	0.042181946361954
		3	5	0.0372861772855898
Zybaylov_012312_BSA_ox_regularHighCh.1897.1897.4	687.322265625000000	YIcDNQDTISSK	SLHTLFGDELcK	2745.26269	2745.2578125	4.0000000000000	0.0426804708935353
		3	11	0.0426804708935353
Zybaylov_012312_BSA_ox_regularHighCh.1371.1371.4	522.004150390625000	YIcDNQDTISSK	GAcLLPK	2083.99192	2083.9853515625	4.0000000000000	0.0664157252754869
		3	3	0.0664157252754869
Zybaylov_012312_BSA_ox_regularHighCh.1380.1380.4	522.005798339843750	YIcDNQDTISSK	GAcLLPK	2083.99192	2083.99194335938	4.0000000000000	0.0452394409491371
		3	3	0.0452394409491371
Zybaylov_012312_BSA_ox_regularHighCh.888.888.4	508.989044189453125	YIcDNQDTISSK	cASIQK	2031.92422	2031.92492675781	4.0000000000000	0.0279503105590062
		3	1	0.0279503105590062
Zybaylov_012312_BSA_ox_regularHighCh.891.891.4	508.989379882812500	YIcDNQDTISSK	cASIQK	2031.92422	2031.92626953125	4.0000000000000	0.0283613445378151
		3	1	0.0283613445378151
Zybaylov_012312_BSA_ox_regularHighCh.1109.1109.4	599.510070800781250	YIcDNQDTISSK	QNcDQFEK	2394.01048	2394.00903320312	4.0000000000000	0.0690149858114736
		3	3	0.0690149858114736
Zybaylov_012312_BSA_ox_regularHighCh.1127.1127.4	599.510620117187500	YIcDNQDTISSK	QNcDQFEK	2394.01048	2394.01123046875	4.0000000000000	0.0441739527973027
		3	3	0.0441739527973027
Zybaylov_012312_BSA_ox_regularHighCh.2497.2497.4	763.607543945312500	YIcDNQDTISSK	MPcTEDYLSLILNR	3050.40363	3050.39892578125	4.0000000000000	0.0523584858577356
		3	3	0.0523584858577356
Zybaylov_012312_BSA_ox_regularHighCh.1182.1182.4	557.020446777343750	YIcDNQDTISSK	LcVLHEK	2224.05049	2224.05053710938	4.0000000000000	0.0760172478239974
		3	2	0.0760172478239974
Zybaylov_012312_BSA_ox_regularHighCh.1187.1187.4	557.019531250000000	YIcDNQDTISSK	LcVLHEK	2224.05049	2224.046875	4.0000000000000	0.0969424903511893
		3	2	0.0969424903511893
Zybaylov_012312_BSA_ox_regularHighCh.1796.1796.4	802.632263183593750	YIcDNQDTISSK	RPcFSALTPDETYVPK	3206.49015	3206.49780273437	4.0000000000000	0.062208484347999
		3	3	0.062208484347999
Zybaylov_012312_BSA_ox_regularHighCh.1809.1809.4	802.630249023437500	YIcDNQDTISSK	RPcFSALTPDETYVPK	3206.49015	3206.48974609375	4.0000000000000	0.0690291233482298
		3	3	0.0690291233482298
Zybaylov_012312_BSA_ox_regularHighCh.2373.2373.4	627.317749023437500	EccDKPLLEK	GAcLLPKIETMR	2505.24648	2505.23974609375	4.0000000000000	0.0387323943661972
		2	3	0.0344287949921753
		3	3	0.0387323943661972
Zybaylov_012312_BSA_ox_regularHighCh.2375.2375.5	502.054901123046875	EccDKPLLEK	GAcLLPKIETMR	2505.24648	2505.2353515625	5.0000000000000	0.0693133919592614
		2	3	0.0650695647987676
		3	3	0.0693133919592614
Zybaylov_012312_BSA_ox_regularHighCh.2379.2379.4	627.317321777343750	EccDKPLLEK	GAcLLPKIETMR	2505.24648	2505.23803710937	4.0000000000000	0.0285565939771547
		2	3	0.0228452751817238
		3	3	0.0285565939771547
Zybaylov_012312_BSA_ox_regularHighCh.1224.1224.5	561.274658203125000	EccDKPLLEK	YIcDNQDTISSKLK	2801.32868	2801.33422851562	5.0000000000000	0.0792894280762565
		2	3	0.0792894280762565
		3	3	0.0742119800693241
Zybaylov_012312_BSA_ox_regularHighCh.1291.1291.5	561.271362304687500	EccDKPLLEK	YIcDNQDTISSKLK	2801.32868	2801.31762695312	5.0000000000000	0.0573008987795935
		2	3	0.0561623788554948
		3	3	0.0573008987795935
Zybaylov_012312_BSA_ox_regularHighCh.1322.1322.5	561.273315429687500	EccDKPLLEK	YIcDNQDTISSKLK	2801.32868	2801.32739257812	5.0000000000000	0.042181946361954
		2	3	0.0410520028591291
		3	3	0.042181946361954
Zybaylov_012312_BSA_ox_regularHighCh.1169.1169.5	572.268554687500000	SHcIAEVEK	NEcFLSHKDDSPDLPK	2856.30597	2856.3037109375	5.0000000000000	0.0718836752293161
		3	3	0.0718836752293161
Zybaylov_012312_BSA_ox_regularHighCh.1901.1901.4	688.577026367187500	SHcIAEVEK	DDPHAcYSTVFDKLK	2750.26812	2750.27685546875	4.0000000000000	0.0579353941625574
		3	6	0.0579353941625574
Zybaylov_012312_BSA_ox_regularHighCh.645.645.4	416.205352783203125	SHcIAEVEK	cASIQK	1660.79135	1660.79016113281	4.0000000000000	0.0530096551501856
		3	1	0.0530096551501856
Zybaylov_012312_BSA_ox_regularHighCh.648.648.4	416.205657958984375	SHcIAEVEK	cASIQK	1660.79135	1660.79138183594	4.0000000000000	0.0406963301300903
		3	1	0.0406963301300903
Zybaylov_012312_BSA_ox_regularHighCh.742.742.4	416.206481933593750	SHcIAEVEK	cASIQK	1660.79135	1660.79467773438	4.0000000000000	0.0579497194348965
		3	1	0.0579497194348965
Zybaylov_012312_BSA_ox_regularHighCh.806.806.5	405.582763671875000	SHcIAEVEK	QNcDQFEK	2022.87761	2022.87463378906	5.0000000000000	0.082271761355514
		3	3	0.082271761355514
Zybaylov_012312_BSA_ox_regularHighCh.821.821.4	506.725585937500000	SHcIAEVEK	QNcDQFEK	2022.87761	2022.87109375	4.0000000000000	0.0679339119078533
		3	3	0.0679339119078533
Zybaylov_012312_BSA_ox_regularHighCh.1094.1094.4	464.235961914062500	SHcIAEVEK	LcVLHEK	1852.91762	1852.91259765625	4.0000000000000	0.046779928040706
		3	2	0.046779928040706
Zybaylov_012312_BSA_ox_regularHighCh.1565.1565.4	709.845275878906250	SHcIAEVEK	RPcFSALTPDETYVPK	2835.35728	2835.34985351562	4.0000000000000	0.0289351851851852
		3	3	0.0289351851851852
Zybaylov_012312_BSA_ox_regularHighCh.1223.1223.4	897.167724609375000	DDPHAcYSTVFDK	LKPDPNTLcDEFKADEKK	3584.64412	3584.6396484375	4.0000000000000	0.0361987566959674
		6	9	0.0361987566959674
Zybaylov_012312_BSA_ox_regularHighCh.1775.1775.5	475.018615722656250	QNcDQFEK	SLHTLFGDELcK	2370.06213	2370.05395507812	5.0000000000000	0.0288162636516189
		3	11	0.0288162636516189
Zybaylov_012312_BSA_ox_regularHighCh.625.625.4	415.187622070312500	QNcDQFEK	cASIQK	1656.72366	1656.71923828125	4.0000000000000	0.023728813559322
		3	1	0.023728813559322
Zybaylov_012312_BSA_ox_regularHighCh.627.627.4	415.187683105468750	QNcDQFEK	cASIQK	1656.72366	1656.71948242188	4.0000000000000	0.0264150943396226
		3	1	0.0264150943396226
Zybaylov_012312_BSA_ox_regularHighCh.1109.1109.4	599.510070800781250	QNcDQFEK	YIcDNQDTISSK	2394.01048	2394.00903320312	4.0000000000000	0.065995662139976
		3	3	0.065995662139976
Zybaylov_012312_BSA_ox_regularHighCh.1127.1127.4	599.510620117187500	QNcDQFEK	YIcDNQDTISSK	2394.01048	2394.01123046875	4.0000000000000	0.0419809703411623
		3	3	0.0419809703411623
Zybaylov_012312_BSA_ox_regularHighCh.806.806.5	405.582763671875000	QNcDQFEK	SHcIAEVEK	2022.87761	2022.87463378906	5.0000000000000	0.0796458731874572
		3	3	0.0796458731874572
Zybaylov_012312_BSA_ox_regularHighCh.821.821.4	506.725585937500000	QNcDQFEK	SHcIAEVEK	2022.87761	2022.87109375	4.0000000000000	0.0649618839358253
		3	3	0.0649618839358253
Zybaylov_012312_BSA_ox_regularHighCh.868.868.4	505.709564208984375	QNcDQFEK	QNcDQFEK	2018.80992	2018.80700683594	4.0000000000000	0.0555555555555556
		3	3	0.0555555555555556
Zybaylov_012312_BSA_ox_regularHighCh.871.871.4	505.710266113281250	QNcDQFEK	QNcDQFEK	2018.80992	2018.80981445313	4.0000000000000	0.043956043956044
		3	3	0.043956043956044
Zybaylov_012312_BSA_ox_regularHighCh.1705.1705.4	708.831054687500000	QNcDQFEK	RPcFSALTPDETYVPK	2831.28959	2831.29296875	4.0000000000000	0.0769999447910341
		3	3	0.0769999447910341
Zybaylov_012312_BSA_ox_regularHighCh.1710.1710.5	567.266113281250000	QNcDQFEK	RPcFSALTPDETYVPK	2831.28959	2831.29150390625	5.0000000000000	0.0633803492867618
		3	3	0.0633803492867618
Zybaylov_012312_BSA_ox_regularHighCh.1719.1719.4	708.831420898437500	QNcDQFEK	RPcFSALTPDETYVPK	2831.28959	2831.29443359375	4.0000000000000	0.0944195505878073
		3	3	0.0944195505878073
Zybaylov_012312_BSA_ox_regularHighCh.1981.1981.5	749.136718750000000	MPcTEDYLSLILNR	EccHGDLLEcADDRADLAK	3740.66146	3740.64453125	5.0000000000000	0.111551455073063
		3	10	0.111551455073063
		3	2	0.0952477465479248
		3	3	0.0952477465479248
Zybaylov_012312_BSA_ox_regularHighCh.2398.2398.4	579.286315917968750	MPcTEDYLSLILNR	cASIQK	2313.11681	2313.11401367188	4.0000000000000	0.0444380231865784
		3	1	0.0444380231865784
Zybaylov_012312_BSA_ox_regularHighCh.2497.2497.4	763.607543945312500	MPcTEDYLSLILNR	YIcDNQDTISSK	3050.40363	3050.39892578125	4.0000000000000	0.0559629527349031
		3	3	0.0559629527349031
Zybaylov_012312_BSA_ox_regularHighCh.2373.2373.4	627.317749023437500	MPcTEDYLSLILNR	LcVLHEK	2505.24308	2505.23974609375	4.0000000000000	0.0584106285538485
		3	2	0.0584106285538485
Zybaylov_012312_BSA_ox_regularHighCh.2375.2375.5	502.054901123046875	MPcTEDYLSLILNR	LcVLHEK	2505.24308	2505.2353515625	5.0000000000000	0.0671927566520542
		3	2	0.0671927566520542
Zybaylov_012312_BSA_ox_regularHighCh.2379.2379.4	627.317321777343750	MPcTEDYLSLILNR	LcVLHEK	2505.24308	2505.23803710937	4.0000000000000	0.0346344145134689
		3	2	0.0346344145134689
Zybaylov_012312_BSA_ox_regularHighCh.2562.2562.5	655.542114257812500	LcVLHEK	GLVLIAFSQYLQQcPFDEHVK	3272.67275	3272.67138671875	5.0000000000000	0.0803332676069006
		2	14	0.0803332676069006
Zybaylov_012312_BSA_ox_regularHighCh.1839.1839.5	441.027862548828125	LcVLHEK	SLHTLFGDELcK	2200.10214	2200.10009765625	5.0000000000000	0.0479362965093252
		2	11	0.0479362965093252
Zybaylov_012312_BSA_ox_regularHighCh.1848.1848.4	551.033386230468750	LcVLHEK	SLHTLFGDELcK	2200.10214	2200.10229492188	4.0000000000000	0.0560283301305203
		2	11	0.0560283301305203
Zybaylov_012312_BSA_ox_regularHighCh.1182.1182.4	557.020446777343750	LcVLHEK	YIcDNQDTISSK	2224.05049	2224.05053710938	4.0000000000000	0.0734216194086969
		2	3	0.0734216194086969
Zybaylov_012312_BSA_ox_regularHighCh.1187.1187.4	557.019531250000000	LcVLHEK	YIcDNQDTISSK	2224.05049	2224.046875	4.0000000000000	0.0969424903511893
		2	3	0.0969424903511893
Zybaylov_012312_BSA_ox_regularHighCh.1094.1094.4	464.235961914062500	LcVLHEK	SHcIAEVEK	1852.91762	1852.91259765625	4.0000000000000	0.0448191437269805
		2	3	0.0448191437269805
Zybaylov_012312_BSA_ox_regularHighCh.2373.2373.4	627.317749023437500	LcVLHEK	MPcTEDYLSLILNR	2505.24308	2505.23974609375	4.0000000000000	0.0466038229761786
		2	3	0.0466038229761786
Zybaylov_012312_BSA_ox_regularHighCh.2375.2375.5	502.054901123046875	LcVLHEK	MPcTEDYLSLILNR	2505.24308	2505.2353515625	5.0000000000000	0.0671927566520542
		2	3	0.0671927566520542
Zybaylov_012312_BSA_ox_regularHighCh.2379.2379.4	627.317321777343750	LcVLHEK	MPcTEDYLSLILNR	2505.24308	2505.23803710937	4.0000000000000	0.0288620120945574
		2	3	0.0288620120945574
Zybaylov_012312_BSA_ox_regularHighCh.1032.1032.4	420.730407714843750	LcVLHEK	LcVLHEK	1678.88994	1678.89038085938	4.0000000000000	0.0586008008464906
		2	2	0.0586008008464906
Zybaylov_012312_BSA_ox_regularHighCh.1170.1170.4	420.728271484375000	LcVLHEK	LcVLHEK	1678.88994	1678.8818359375	4.0000000000000	0.0254122756594494
		2	2	0.0254122756594494
Zybaylov_012312_BSA_ox_regularHighCh.1762.1762.4	466.478057861328125	LcVLHEK	ccTESLVNR	1861.88494	1861.88098144531	4.0000000000000	0.0488999087083583
		2	1	0.0469098589571145
		2	2	0.0488999087083583
Zybaylov_012312_BSA_ox_regularHighCh.1766.1766.4	466.480346679687500	LcVLHEK	ccTESLVNR	1861.88494	1861.89013671875	4.0000000000000	0.0346843415927961
		2	1	0.0346843415927961
		2	2	0.0346843415927961
Zybaylov_012312_BSA_ox_regularHighCh.1679.1679.5	533.273681640625000	LcVLHEK	RPcFSALTPDETYVPK	2661.3296	2661.32934570312	5.0000000000000	0.0624046945787345
		2	3	0.0624046945787345
Zybaylov_012312_BSA_ox_regularHighCh.1689.1689.4	666.341552734375000	LcVLHEK	RPcFSALTPDETYVPK	2661.3296	2661.3349609375	4.0000000000000	0.0512600720041145
		2	3	0.0512600720041145
Zybaylov_012312_BSA_ox_regularHighCh.1691.1691.4	666.339843750000000	LcVLHEK	RPcFSALTPDETYVPK	2661.3296	2661.328125	4.0000000000000	0.0425013794169998
		2	3	0.0425013794169998
Zybaylov_012312_BSA_ox_regularHighCh.1695.1695.5	533.272888183593750	LcVLHEK	RPcFSALTPDETYVPK	2661.3296	2661.3251953125	5.0000000000000	0.086618095669569
		2	3	0.086618095669569
Zybaylov_012312_BSA_ox_regularHighCh.2011.2011.4	673.090454101562500	LcVLHEK	LFTFHADIcTLPDTEK	2688.32926	2688.33056640625	4.0000000000000	0.0605526398227157
		2	9	0.0605526398227157
Zybaylov_012312_BSA_ox_regularHighCh.2013.2013.4	673.087951660156250	LcVLHEK	LFTFHADIcTLPDTEK	2688.32926	2688.32055664062	4.0000000000000	0.0759668626524176
		2	9	0.0759668626524176
Zybaylov_012312_BSA_ox_regularHighCh.2016.2016.5	538.673217773437500	LcVLHEK	LFTFHADIcTLPDTEK	2688.32926	2688.32690429688	5.0000000000000	0.111856893980924
		2	9	0.111856893980924
Zybaylov_012312_BSA_ox_regularHighCh.2019.2019.5	538.673461914062500	LcVLHEK	LFTFHADIcTLPDTEK	2688.32926	2688.328125	5.0000000000000	0.090951980058109
		2	9	0.090951980058109
Zybaylov_012312_BSA_ox_regularHighCh.1319.1319.5	574.064941406250000	ccTESLVNR	NEcFLSHKDDSPDLPK	2865.27329	2865.28564453125	5.0000000000000	0.0607126960225236
		1	3	0.0590863624289769
		2	3	0.0607126960225236
Zybaylov_012312_BSA_ox_regularHighCh.1762.1762.4	466.478057861328125	ccTESLVNR	LcVLHEK	1861.88494	1861.88098144531	4.0000000000000	0.0508899584596021
		1	2	0.0488999087083583
		2	2	0.0508899584596021
Zybaylov_012312_BSA_ox_regularHighCh.1766.1766.4	466.480346679687500	ccTESLVNR	LcVLHEK	1861.88494	1861.89013671875	4.0000000000000	0.0346843415927961
		1	2	0.0346843415927961
		2	2	0.0346843415927961
Zybaylov_012312_BSA_ox_regularHighCh.1776.1776.4	712.087646484375000	ccTESLVNR	RPcFSALTPDETYVPK	2844.3246	2844.3193359375	4.0000000000000	0.0501109781589074
		1	3	0.0487823216963224
		2	3	0.0501109781589074
Zybaylov_012312_BSA_ox_regularHighCh.2370.2370.4	918.701843261718750	RPcFSALTPDETYVPK	SLGKVGTRccTKPESER	3670.79075	3670.77612304688	4.0000000000000	0.0458629347785391
		3	10	0.0431816444519326
		3	9	0.0458629347785391
Zybaylov_012312_BSA_ox_regularHighCh.2073.2073.5	668.932800292968750	RPcFSALTPDETYVPK	LKPDPNTLcDEFK	3339.61571	3339.62475585938	5.0000000000000	0.0449512054219329
		3	9	0.0449512054219329
Zybaylov_012312_BSA_ox_regularHighCh.1522.1522.4	618.306762695312500	RPcFSALTPDETYVPK	cASIQK	2469.20333	2469.19580078125	4.0000000000000	0.112800096513452
		3	1	0.112800096513452
Zybaylov_012312_BSA_ox_regularHighCh.1524.1524.4	618.305908203125000	RPcFSALTPDETYVPK	cASIQK	2469.20333	2469.1923828125	4.0000000000000	0.0968972516203787
		3	1	0.0968972516203787
Zybaylov_012312_BSA_ox_regularHighCh.1796.1796.4	802.632263183593750	RPcFSALTPDETYVPK	YIcDNQDTISSK	3206.49015	3206.49780273437	4.0000000000000	0.062208484347999
		3	3	0.062208484347999
Zybaylov_012312_BSA_ox_regularHighCh.1809.1809.4	802.630249023437500	RPcFSALTPDETYVPK	YIcDNQDTISSK	3206.49015	3206.48974609375	4.0000000000000	0.0783285102496354
		3	3	0.0783285102496354
Zybaylov_012312_BSA_ox_regularHighCh.1565.1565.4	709.845275878906250	RPcFSALTPDETYVPK	SHcIAEVEK	2835.35728	2835.34985351562	4.0000000000000	0.0289351851851852
		3	3	0.0289351851851852
Zybaylov_012312_BSA_ox_regularHighCh.1705.1705.4	708.831054687500000	RPcFSALTPDETYVPK	QNcDQFEK	2831.28959	2831.29296875	4.0000000000000	0.0769999447910341
		3	3	0.0769999447910341
Zybaylov_012312_BSA_ox_regularHighCh.1710.1710.5	567.266113281250000	RPcFSALTPDETYVPK	QNcDQFEK	2831.28959	2831.29150390625	5.0000000000000	0.0652265031329156
		3	3	0.0652265031329156
Zybaylov_012312_BSA_ox_regularHighCh.1719.1719.4	708.831420898437500	RPcFSALTPDETYVPK	QNcDQFEK	2831.28959	2831.29443359375	4.0000000000000	0.0974652358669952
		3	3	0.0974652358669952
Zybaylov_012312_BSA_ox_regularHighCh.1679.1679.5	533.273681640625000	RPcFSALTPDETYVPK	LcVLHEK	2661.3296	2661.32934570312	5.0000000000000	0.0710119492839551
		3	2	0.0710119492839551
Zybaylov_012312_BSA_ox_regularHighCh.1689.1689.4	666.341552734375000	RPcFSALTPDETYVPK	LcVLHEK	2661.3296	2661.3349609375	4.0000000000000	0.0647224323853579
		3	2	0.0647224323853579
Zybaylov_012312_BSA_ox_regularHighCh.1691.1691.4	666.339843750000000	RPcFSALTPDETYVPK	LcVLHEK	2661.3296	2661.328125	4.0000000000000	0.0459209452808118
		3	2	0.0459209452808118
Zybaylov_012312_BSA_ox_regularHighCh.1695.1695.5	533.272888183593750	RPcFSALTPDETYVPK	LcVLHEK	2661.3296	2661.3251953125	5.0000000000000	0.086618095669569
		3	2	0.086618095669569
Zybaylov_012312_BSA_ox_regularHighCh.1776.1776.4	712.087646484375000	RPcFSALTPDETYVPK	ccTESLVNR	2844.3246	2844.3193359375	4.0000000000000	0.0550461939661858
		3	1	0.0537175375036008
		3	2	0.0550461939661858
Zybaylov_012312_BSA_ox_regularHighCh.2026.2026.4	911.951660156250000	RPcFSALTPDETYVPK	RPcFSALTPDETYVPK	3643.76926	3643.775390625	4.0000000000000	0.0351648351648352
		3	3	0.0351648351648352
Zybaylov_012312_BSA_ox_regularHighCh.2030.2030.4	911.947387695312500	RPcFSALTPDETYVPK	RPcFSALTPDETYVPK	3643.76926	3643.75830078125	4.0000000000000	0.0394088669950739
		3	3	0.0394088669950739
Zybaylov_012312_BSA_ox_regularHighCh.2032.2032.5	729.764038085937500	RPcFSALTPDETYVPK	RPcFSALTPDETYVPK	3643.76926	3643.78100585938	5.0000000000000	0.179875840187799
		3	3	0.179875840187799
Zybaylov_012312_BSA_ox_regularHighCh.2041.2041.5	729.762145996093750	RPcFSALTPDETYVPK	RPcFSALTPDETYVPK	3643.76926	3643.771484375	5.0000000000000	0.178428740829543
		3	3	0.178428740829543
Zybaylov_012312_BSA_ox_regularHighCh.2370.2370.4	918.701843261718750	RPcFSALTPDETYVPK	LFTFHADIcTLPDTEK	3670.76892	3670.77612304688	4.0000000000000	0.0497464367578374
		3	9	0.0497464367578374
Zybaylov_012312_BSA_ox_regularHighCh.2061.2061.5	936.449951171875000	LFTFHADIcTLPDTEK	DDSPDLPKLKPDPNTLcDEFKADEK	4677.21447	4677.21044921875	5.0000000000000	0.0625096375573746
		9	17	0.0625096375573746
Zybaylov_012312_BSA_ox_regularHighCh.1803.1803.5	640.293640136718750	LFTFHADIcTLPDTEK	TcVADESHAGcEK	3196.41528	3196.42895507812	5.0000000000000	0.0841935483870968
		9	11	0.0841935483870968
		9	2	0.0748387096774193
Zybaylov_012312_BSA_ox_regularHighCh.1895.1895.4	625.058715820312500	LFTFHADIcTLPDTEK	cASIQK	2496.20299	2496.20361328125	4.0000000000000	0.0473235369173348
		9	1	0.0473235369173348
Zybaylov_012312_BSA_ox_regularHighCh.1912.1912.4	625.058288574218750	LFTFHADIcTLPDTEK	cASIQK	2496.20299	2496.20190429688	4.0000000000000	0.0261315709780112
		9	1	0.0261315709780112
Zybaylov_012312_BSA_ox_regularHighCh.2011.2011.4	673.090454101562500	LFTFHADIcTLPDTEK	LcVLHEK	2688.32926	2688.33056640625	4.0000000000000	0.0622480548308243
		9	2	0.0622480548308243
Zybaylov_012312_BSA_ox_regularHighCh.2013.2013.4	673.087951660156250	LFTFHADIcTLPDTEK	LcVLHEK	2688.32926	2688.32055664062	4.0000000000000	0.0759668626524176
		9	2	0.0759668626524176
Zybaylov_012312_BSA_ox_regularHighCh.2016.2016.5	538.673217773437500	LFTFHADIcTLPDTEK	LcVLHEK	2688.32926	2688.32690429688	5.0000000000000	0.105864189447313
		9	2	0.105864189447313
Zybaylov_012312_BSA_ox_regularHighCh.2019.2019.5	538.673461914062500	LFTFHADIcTLPDTEK	LcVLHEK	2688.32926	2688.328125	5.0000000000000	0.0859908066327423
		9	2	0.0859908066327423
Zybaylov_012312_BSA_ox_regularHighCh.2370.2370.4	918.701843261718750	LFTFHADIcTLPDTEK	RPcFSALTPDETYVPK	3670.76892	3670.77612304688	4.0000000000000	0.0497464367578374
		9	3	0.0497464367578374
Zybaylov_012312_BSA_ox_regularHighCh.674.674.4	642.524108886718750	ccAADDK	NEcFLSHKDDSPDLPK	2566.07755	2566.06518554688	4.0000000000000	0.0311855447165287
		1	3	0.0303586824789676
		2	3	0.0311855447165287
