TITLE	m/z	Fragment1	Fragment2	Theoretical Mass	Actual Mass	Charge
CL_SITE_SEQ_1	CL_SITE_SEQ_2	SCORE
Zybaylov_012312_BSA_ox_regularHighCh.2061.2061.5	936.449951171875000	DDSPDLPKLKPDPNTLcDEFKADEK	LFTFHADIcTLPDTEK	4677.21447	4677.21044921875	5.0000000000000	1.39177479038831
		17	9	1.39177479038831
Zybaylov_012312_BSA_ox_regularHighCh.1223.1223.4	897.167724609375000	LKPDPNTLcDEFKADEKK	DDPHAcYSTVFDK	3584.64412	3584.6396484375	4.0000000000000	0.915369767161298
		9	6	0.915369767161298
Zybaylov_012312_BSA_ox_regularHighCh.2301.2301.5	708.548400878906250	QNcDQFEKLGEYGFQNALIVRYTR	cASIQK	3537.71346	3537.70288085937	5.0000000000000	1.15374616717771
		3	1	1.15374616717771
Zybaylov_012312_BSA_ox_regularHighCh.1803.1803.5	640.293640136718750	SLGKVGTRccTKPESER	TcVADESHAGcEK	3196.43711	3196.42895507812	5.0000000000000	0.23716837754966
		10	11	0.23716837754966
		10	2	0.217937608318891
		9	11	0.23716837754966
		9	2	0.217937608318891
Zybaylov_012312_BSA_ox_regularHighCh.1812.1812.5	640.294372558593750	SLGKVGTRccTKPESER	TcVADESHAGcEK	3196.43711	3196.4326171875	5.0000000000000	0.275629916011199
		10	11	0.211538461538462
		10	2	0.275629916011199
		9	11	0.192307692307692
		9	2	0.256399146780429
Zybaylov_012312_BSA_ox_regularHighCh.2370.2370.4	918.701843261718750	SLGKVGTRccTKPESER	RPcFSALTPDETYVPK	3670.79075	3670.77612304688	4.0000000000000	0.817758059081209
		10	3	0.770957355198622
		9	3	0.817758059081209
Zybaylov_012312_BSA_ox_regularHighCh.2562.2562.5	655.542114257812500	LcVLHEKTPVSEKVTK	VGTRccTKPESER	3272.66809	3272.67138671875	5.0000000000000	1.5665164644714
		2	5	1.5665164644714
		2	6	1.5665164644714
Zybaylov_012312_BSA_ox_regularHighCh.2076.2076.5	507.867889404296875	SLHTLFGDELcKVASLR	cASIQK	2534.29863	2534.30029296875	5.0000000000000	0.929763750798139
		11	1	0.929763750798139
Zybaylov_012312_BSA_ox_regularHighCh.1169.1169.5	572.268554687500000	NEcFLSHKDDSPDLPK	SHcIAEVEK	2856.30597	2856.3037109375	5.0000000000000	1.1189650903689
		3	3	1.1189650903689
Zybaylov_012312_BSA_ox_regularHighCh.1319.1319.5	574.064941406250000	NEcFLSHKDDSPDLPK	ccTESLVNR	2865.27329	2865.28564453125	5.0000000000000	0.912643393579269
		3	1	0.888833869769745
		3	2	0.912643393579269
Zybaylov_012312_BSA_ox_regularHighCh.674.674.4	642.524108886718750	NEcFLSHKDDSPDLPK	ccAADDK	2566.07755	2566.06518554688	4.0000000000000	0.992513857934739
		3	1	0.966198068461055
		3	2	0.992513857934739
Zybaylov_012312_BSA_ox_regularHighCh.1433.1433.5	522.659240722656250	LKPDPNTLcDEFKADEK	cASIQK	2608.25142	2608.25708007812	5.0000000000000	1.13148773146037
		9	1	1.13148773146037
Zybaylov_012312_BSA_ox_regularHighCh.2373.2373.4	627.317749023437500	GAcLLPKIETMR	EccDKPLLEK	2505.24648	2505.23974609375	4.0000000000000	0.25
		3	2	0.222222222222222
		3	3	0.25
Zybaylov_012312_BSA_ox_regularHighCh.2375.2375.5	502.054901123046875	GAcLLPKIETMR	EccDKPLLEK	2505.24648	2505.2353515625	5.0000000000000	0.45368765646062
		3	2	0.425909878682842
		3	3	0.45368765646062
Zybaylov_012312_BSA_ox_regularHighCh.2379.2379.4	627.317321777343750	GAcLLPKIETMR	EccDKPLLEK	2505.24648	2505.23803710937	4.0000000000000	0.166666666666667
		3	2	0.138888888888889
		3	3	0.166666666666667
Zybaylov_012312_BSA_ox_regularHighCh.2570.2570.4	473.991485595703125	LRcASIQK	NEcFLSHK	1891.93975	1891.93469238281	4.0000000000000	0.416666666666667
		3	3	0.416666666666667
Zybaylov_012312_BSA_ox_regularHighCh.2573.2573.4	473.991027832031250	LRcASIQK	NEcFLSHK	1891.93975	1891.93286132812	4.0000000000000	0.517870068765834
		3	3	0.517870068765834
Zybaylov_012312_BSA_ox_regularHighCh.1981.1981.5	749.136718750000000	EccHGDLLEcADDRADLAK	MPcTEDYLSLILNR	3740.66146	3740.64453125	5.0000000000000	1.58605749118508
		10	3	1.58605749118508
		2	3	1.36768660730293
		3	3	1.36768660730293
Zybaylov_012312_BSA_ox_regularHighCh.2667.2667.5	507.048065185546875	ADLAKYIcDNQDTISSK	cASIQK	2530.20445	2530.201171875	5.0000000000000	0.157894736842105
		8	1	0.157894736842105
Zybaylov_012312_BSA_ox_regularHighCh.1224.1224.5	561.274658203125000	YIcDNQDTISSKLK	EccDKPLLEK	2801.32868	2801.33422851562	5.0000000000000	1.8248266897747
		3	2	1.8248266897747
		3	3	1.71650779896014
Zybaylov_012312_BSA_ox_regularHighCh.1291.1291.5	561.271362304687500	YIcDNQDTISSKLK	EccDKPLLEK	2801.32868	2801.31762695312	5.0000000000000	1.28323223570191
		3	2	1.25823223570191
		3	3	1.28323223570191
Zybaylov_012312_BSA_ox_regularHighCh.1322.1322.5	561.273315429687500	YIcDNQDTISSKLK	EccDKPLLEK	2801.32868	2801.32739257812	5.0000000000000	0.958275563258232
		3	2	0.933275563258232
		3	3	0.958275563258232
Zybaylov_012312_BSA_ox_regularHighCh.1224.1224.5	561.274658203125000	LKEccDKPLLEK	YIcDNQDTISSK	2801.32868	2801.33422851562	5.0000000000000	1.7998266897747
		4	3	1.7998266897747
		5	3	1.69150779896014
Zybaylov_012312_BSA_ox_regularHighCh.1291.1291.5	561.271362304687500	LKEccDKPLLEK	YIcDNQDTISSK	2801.32868	2801.31762695312	5.0000000000000	1.04159445407279
		4	3	1.04159445407279
		5	3	1.04159445407279
Zybaylov_012312_BSA_ox_regularHighCh.1322.1322.5	561.273315429687500	LKEccDKPLLEK	YIcDNQDTISSK	2801.32868	2801.32739257812	5.0000000000000	0.933275563258232
		4	3	0.933275563258232
		5	3	0.824956672443674
Zybaylov_012312_BSA_ox_regularHighCh.1214.1214.6	646.141967773437500	EccDKPLLEKSHcIAEVEK	LAKEYEATLEEccAK	3870.786	3870.80493164062	6.0000000000000	1.16658001155402
		13	12	1.16658001155402
		13	13	1.16658001155402
		2	12	0.916608896591566
		2	13	0.916608896591566
		3	12	0.933275563258232
		3	13	0.933275563258232
Zybaylov_012312_BSA_ox_regularHighCh.1214.1214.6	646.141967773437500	LAKEYEATLEEccAK	EccDKPLLEKSHcIAEVEK	3870.786	3870.80493164062	6.0000000000000	1.14991334488735
		12	13	1.14991334488735
		12	2	0.899942229924899
		12	3	0.916608896591566
		13	13	1.14991334488735
		13	2	0.899942229924899
		13	3	0.916608896591566
Zybaylov_012312_BSA_ox_regularHighCh.1901.1901.4	688.577026367187500	DDPHAcYSTVFDKLK	SHcIAEVEK	2750.26812	2750.27685546875	4.0000000000000	1.24647122692725
		6	3	1.24647122692725
Zybaylov_012312_BSA_ox_regularHighCh.1265.1265.4	954.462524414062500	HLVDEPQNLIKQNcDQFEK	LKPDPNTLcDEFK	3813.83438	3813.81884765625	4.0000000000000	1.14799519156197
		14	9	1.14799519156197
Zybaylov_012312_BSA_ox_regularHighCh.2562.2562.5	655.542114257812500	VGTRccTKPESER	LcVLHEKTPVSEKVTK	3272.66809	3272.67138671875	5.0000000000000	1.5665164644714
		5	2	1.5665164644714
		6	2	1.5665164644714
Zybaylov_012312_BSA_ox_regularHighCh.2540.2540.5	617.116516113281250	GLVLIAFSQYLQQcPFDEHVK	cASIQK	3080.54648	3080.54345703125	5.0000000000000	0.898500489789767
		14	1	0.898500489789767
Zybaylov_012312_BSA_ox_regularHighCh.2562.2562.5	655.542114257812500	GLVLIAFSQYLQQcPFDEHVK	LcVLHEK	3272.67275	3272.67138671875	5.0000000000000	1.06936019641826
		14	2	1.06936019641826
Zybaylov_012312_BSA_ox_regularHighCh.1803.1803.5	640.293640136718750	TcVADESHAGcEK	SLGKVGTRccTKPESER	3196.43711	3196.42895507812	5.0000000000000	0.134615384615385
		11	10	0.134615384615385
		11	9	0.134615384615385
		2	10	0.115384615384615
		2	9	0.115384615384615
Zybaylov_012312_BSA_ox_regularHighCh.1812.1812.5	640.294372558593750	TcVADESHAGcEK	SLGKVGTRccTKPESER	3196.43711	3196.4326171875	5.0000000000000	0.275629916011199
		11	10	0.211538461538462
		11	9	0.192307692307692
		2	10	0.275629916011199
		2	9	0.256399146780429
Zybaylov_012312_BSA_ox_regularHighCh.1803.1803.5	640.293640136718750	TcVADESHAGcEK	LFTFHADIcTLPDTEK	3196.41528	3196.42895507812	5.0000000000000	0.18
		11	9	0.18
		2	9	0.16
Zybaylov_012312_BSA_ox_regularHighCh.1573.1573.4	502.999450683593750	SLHTLFGDELcK	cASIQK	2007.97587	2007.96655273438	4.0000000000000	0.658174344656429
		11	1	0.658174344656429
Zybaylov_012312_BSA_ox_regularHighCh.1897.1897.4	687.322265625000000	SLHTLFGDELcK	YIcDNQDTISSK	2745.26269	2745.2578125	4.0000000000000	0.857166123778502
		11	3	0.857166123778502
Zybaylov_012312_BSA_ox_regularHighCh.1775.1775.5	475.018615722656250	SLHTLFGDELcK	QNcDQFEK	2370.06213	2370.05395507812	5.0000000000000	0.666648613518198
		11	3	0.666648613518198
Zybaylov_012312_BSA_ox_regularHighCh.1839.1839.5	441.027862548828125	SLHTLFGDELcK	LcVLHEK	2200.10214	2200.10009765625	5.0000000000000	0.611091854419411
		11	2	0.611091854419411
Zybaylov_012312_BSA_ox_regularHighCh.1848.1848.4	551.033386230468750	SLHTLFGDELcK	LcVLHEK	2200.10214	2200.10229492188	4.0000000000000	0.795258776692001
		11	2	0.795258776692001
Zybaylov_012312_BSA_ox_regularHighCh.2570.2570.4	473.991485595703125	NEcFLSHK	LRcASIQK	1891.93975	1891.93469238281	4.0000000000000	0.416666666666667
		3	3	0.416666666666667
Zybaylov_012312_BSA_ox_regularHighCh.2573.2573.4	473.991027832031250	NEcFLSHK	LRcASIQK	1891.93975	1891.93286132812	4.0000000000000	0.517870068765834
		3	3	0.517870068765834
Zybaylov_012312_BSA_ox_regularHighCh.740.740.4	406.695953369140625	NEcFLSHK	cASIQK	1622.75456	1622.75256347656	4.0000000000000	1.092888165038
		3	1	1.092888165038
Zybaylov_012312_BSA_ox_regularHighCh.1265.1265.4	954.462524414062500	LKPDPNTLcDEFK	HLVDEPQNLIKQNcDQFEK	3813.83438	3813.81884765625	4.0000000000000	1.13013804870482
		9	14	1.13013804870482
Zybaylov_012312_BSA_ox_regularHighCh.2073.2073.5	668.932800292968750	LKPDPNTLcDEFK	RPcFSALTPDETYVPK	3339.61571	3339.62475585938	5.0000000000000	0.846620450606586
		9	3	0.846620450606586
Zybaylov_012312_BSA_ox_regularHighCh.1371.1371.4	522.004150390625000	GAcLLPK	YIcDNQDTISSK	2083.99192	2083.9853515625	4.0000000000000	1.190517553384
		3	3	1.190517553384
Zybaylov_012312_BSA_ox_regularHighCh.1380.1380.4	522.005798339843750	GAcLLPK	YIcDNQDTISSK	2083.99192	2083.99194335938	4.0000000000000	1.00955483170467
		3	3	1.00955483170467
Zybaylov_012312_BSA_ox_regularHighCh.2301.2301.5	708.548400878906250	cASIQK	QNcDQFEKLGEYGFQNALIVRYTR	3537.71346	3537.70288085937	5.0000000000000	1.05119317424343
		1	3	1.05119317424343
Zybaylov_012312_BSA_ox_regularHighCh.2076.2076.5	507.867889404296875	cASIQK	SLHTLFGDELcKVASLR	2534.29863	2534.30029296875	5.0000000000000	0.903447961324455
		1	11	0.903447961324455
Zybaylov_012312_BSA_ox_regularHighCh.1433.1433.5	522.659240722656250	cASIQK	LKPDPNTLcDEFKADEK	2608.25142	2608.25708007812	5.0000000000000	0.991152056918727
		1	9	0.991152056918727
Zybaylov_012312_BSA_ox_regularHighCh.2667.2667.5	507.048065185546875	cASIQK	ADLAKYIcDNQDTISSK	2530.20445	2530.201171875	5.0000000000000	0.131578947368421
		1	8	0.131578947368421
Zybaylov_012312_BSA_ox_regularHighCh.2540.2540.5	617.116516113281250	cASIQK	GLVLIAFSQYLQQcPFDEHVK	3080.54648	3080.54345703125	5.0000000000000	0.782571019516238
		1	14	0.782571019516238
Zybaylov_012312_BSA_ox_regularHighCh.1573.1573.4	502.999450683593750	cASIQK	SLHTLFGDELcK	2007.97587	2007.96655273438	4.0000000000000	0.622460058942144
		1	11	0.622460058942144
Zybaylov_012312_BSA_ox_regularHighCh.740.740.4	406.695953369140625	cASIQK	NEcFLSHK	1622.75456	1622.75256347656	4.0000000000000	1.042888165038
		1	3	1.042888165038
Zybaylov_012312_BSA_ox_regularHighCh.888.888.4	508.989044189453125	cASIQK	YIcDNQDTISSK	2031.92422	2031.92492675781	4.0000000000000	0.142857142857143
		1	3	0.142857142857143
Zybaylov_012312_BSA_ox_regularHighCh.891.891.4	508.989379882812500	cASIQK	YIcDNQDTISSK	2031.92422	2031.92626953125	4.0000000000000	0.142857142857143
		1	3	0.142857142857143
Zybaylov_012312_BSA_ox_regularHighCh.645.645.4	416.205352783203125	cASIQK	SHcIAEVEK	1660.79135	1660.79016113281	4.0000000000000	0.350656401145
		1	3	0.350656401145
Zybaylov_012312_BSA_ox_regularHighCh.648.648.4	416.205657958984375	cASIQK	SHcIAEVEK	1660.79135	1660.79138183594	4.0000000000000	0.350656401145
		1	3	0.350656401145
Zybaylov_012312_BSA_ox_regularHighCh.742.742.4	416.206481933593750	cASIQK	SHcIAEVEK	1660.79135	1660.79467773438	4.0000000000000	0.61040371138091
		1	3	0.61040371138091
Zybaylov_012312_BSA_ox_regularHighCh.625.625.4	415.187622070312500	cASIQK	QNcDQFEK	1656.72366	1656.71923828125	4.0000000000000	0.1
		1	3	0.1
Zybaylov_012312_BSA_ox_regularHighCh.627.627.4	415.187683105468750	cASIQK	QNcDQFEK	1656.72366	1656.71948242188	4.0000000000000	0.1
		1	3	0.1
Zybaylov_012312_BSA_ox_regularHighCh.2398.2398.4	579.286315917968750	cASIQK	MPcTEDYLSLILNR	2313.11681	2313.11401367188	4.0000000000000	0.366076275787188
		1	3	0.366076275787188
Zybaylov_012312_BSA_ox_regularHighCh.1522.1522.4	618.306762695312500	cASIQK	RPcFSALTPDETYVPK	2469.20333	2469.19580078125	4.0000000000000	0.607160091687779
		1	3	0.607160091687779
Zybaylov_012312_BSA_ox_regularHighCh.1524.1524.4	618.305908203125000	cASIQK	RPcFSALTPDETYVPK	2469.20333	2469.1923828125	4.0000000000000	0.42858004584389
		1	3	0.42858004584389
Zybaylov_012312_BSA_ox_regularHighCh.1895.1895.4	625.058715820312500	cASIQK	LFTFHADIcTLPDTEK	2496.20299	2496.20361328125	4.0000000000000	0.662715647243335
		1	9	0.662715647243335
Zybaylov_012312_BSA_ox_regularHighCh.1912.1912.4	625.058288574218750	cASIQK	LFTFHADIcTLPDTEK	2496.20299	2496.20190429688	4.0000000000000	0.670647846543612
		1	9	0.670647846543612
Zybaylov_012312_BSA_ox_regularHighCh.1224.1224.5	561.274658203125000	YIcDNQDTISSK	LKEccDKPLLEK	2801.32868	2801.33422851562	5.0000000000000	1.7998266897747
		3	4	1.7998266897747
		3	5	1.69150779896014
Zybaylov_012312_BSA_ox_regularHighCh.1291.1291.5	561.271362304687500	YIcDNQDTISSK	LKEccDKPLLEK	2801.32868	2801.31762695312	5.0000000000000	1.04159445407279
		3	4	1.04159445407279
		3	5	1.04159445407279
Zybaylov_012312_BSA_ox_regularHighCh.1322.1322.5	561.273315429687500	YIcDNQDTISSK	LKEccDKPLLEK	2801.32868	2801.32739257812	5.0000000000000	0.933275563258232
		3	4	0.933275563258232
		3	5	0.824956672443674
Zybaylov_012312_BSA_ox_regularHighCh.1897.1897.4	687.322265625000000	YIcDNQDTISSK	SLHTLFGDELcK	2745.26269	2745.2578125	4.0000000000000	0.857166123778502
		3	11	0.857166123778502
Zybaylov_012312_BSA_ox_regularHighCh.1371.1371.4	522.004150390625000	YIcDNQDTISSK	GAcLLPK	2083.99192	2083.9853515625	4.0000000000000	1.314332247557
		3	3	1.314332247557
Zybaylov_012312_BSA_ox_regularHighCh.1380.1380.4	522.005798339843750	YIcDNQDTISSK	GAcLLPK	2083.99192	2083.99194335938	4.0000000000000	1.042888165038
		3	3	1.042888165038
Zybaylov_012312_BSA_ox_regularHighCh.888.888.4	508.989044189453125	YIcDNQDTISSK	cASIQK	2031.92422	2031.92492675781	4.0000000000000	0.107142857142857
		3	1	0.107142857142857
Zybaylov_012312_BSA_ox_regularHighCh.891.891.4	508.989379882812500	YIcDNQDTISSK	cASIQK	2031.92422	2031.92626953125	4.0000000000000	0.107142857142857
		3	1	0.107142857142857
Zybaylov_012312_BSA_ox_regularHighCh.1109.1109.4	599.510070800781250	YIcDNQDTISSK	QNcDQFEK	2394.01048	2394.00903320312	4.0000000000000	0.714305103148751
		3	3	0.714305103148751
Zybaylov_012312_BSA_ox_regularHighCh.1127.1127.4	599.510620117187500	YIcDNQDTISSK	QNcDQFEK	2394.01048	2394.01123046875	4.0000000000000	0.629478827361563
		3	3	0.629478827361563
Zybaylov_012312_BSA_ox_regularHighCh.2497.2497.4	763.607543945312500	YIcDNQDTISSK	MPcTEDYLSLILNR	3050.40363	3050.39892578125	4.0000000000000	0.89613562333432
		3	3	0.89613562333432
Zybaylov_012312_BSA_ox_regularHighCh.1182.1182.4	557.020446777343750	YIcDNQDTISSK	LcVLHEK	2224.05049	2224.05053710938	4.0000000000000	0.976221498371336
		3	2	0.976221498371336
Zybaylov_012312_BSA_ox_regularHighCh.1187.1187.4	557.019531250000000	YIcDNQDTISSK	LcVLHEK	2224.05049	2224.046875	4.0000000000000	1.214332247557
		3	2	1.214332247557
Zybaylov_012312_BSA_ox_regularHighCh.1796.1796.4	802.632263183593750	YIcDNQDTISSK	RPcFSALTPDETYVPK	3206.49015	3206.49780273437	4.0000000000000	0.630971769815418
		3	3	0.630971769815418
Zybaylov_012312_BSA_ox_regularHighCh.1809.1809.4	802.630249023437500	YIcDNQDTISSK	RPcFSALTPDETYVPK	3206.49015	3206.48974609375	4.0000000000000	0.574420919290626
		3	3	0.574420919290626
Zybaylov_012312_BSA_ox_regularHighCh.2373.2373.4	627.317749023437500	EccDKPLLEK	GAcLLPKIETMR	2505.24648	2505.23974609375	4.0000000000000	0.25
		2	3	0.222222222222222
		3	3	0.25
Zybaylov_012312_BSA_ox_regularHighCh.2375.2375.5	502.054901123046875	EccDKPLLEK	GAcLLPKIETMR	2505.24648	2505.2353515625	5.0000000000000	0.45368765646062
		2	3	0.425909878682842
		3	3	0.45368765646062
Zybaylov_012312_BSA_ox_regularHighCh.2379.2379.4	627.317321777343750	EccDKPLLEK	GAcLLPKIETMR	2505.24648	2505.23803710937	4.0000000000000	0.138888888888889
		2	3	0.111111111111111
		3	3	0.138888888888889
Zybaylov_012312_BSA_ox_regularHighCh.1224.1224.5	561.274658203125000	EccDKPLLEK	YIcDNQDTISSKLK	2801.32868	2801.33422851562	5.0000000000000	1.69150779896014
		2	3	1.69150779896014
		3	3	1.58318890814558
Zybaylov_012312_BSA_ox_regularHighCh.1291.1291.5	561.271362304687500	EccDKPLLEK	YIcDNQDTISSKLK	2801.32868	2801.31762695312	5.0000000000000	1.25823223570191
		2	3	1.23323223570191
		3	3	1.25823223570191
Zybaylov_012312_BSA_ox_regularHighCh.1322.1322.5	561.273315429687500	EccDKPLLEK	YIcDNQDTISSKLK	2801.32868	2801.32739257812	5.0000000000000	0.933275563258232
		2	3	0.908275563258232
		3	3	0.933275563258232
Zybaylov_012312_BSA_ox_regularHighCh.1169.1169.5	572.268554687500000	SHcIAEVEK	NEcFLSHKDDSPDLPK	2856.30597	2856.3037109375	5.0000000000000	0.991994718164562
		3	3	0.991994718164562
Zybaylov_012312_BSA_ox_regularHighCh.1901.1901.4	688.577026367187500	SHcIAEVEK	DDPHAcYSTVFDKLK	2750.26812	2750.27685546875	4.0000000000000	1.22147122692725
		3	6	1.22147122692725
Zybaylov_012312_BSA_ox_regularHighCh.645.645.4	416.205352783203125	SHcIAEVEK	cASIQK	1660.79135	1660.79016113281	4.0000000000000	0.519494620471819
		3	1	0.519494620471819
Zybaylov_012312_BSA_ox_regularHighCh.648.648.4	416.205657958984375	SHcIAEVEK	cASIQK	1660.79135	1660.79138183594	4.0000000000000	0.396110946599546
		3	1	0.396110946599546
Zybaylov_012312_BSA_ox_regularHighCh.742.742.4	416.206481933593750	SHcIAEVEK	cASIQK	1660.79135	1660.79467773438	4.0000000000000	0.61040371138091
		3	1	0.61040371138091
Zybaylov_012312_BSA_ox_regularHighCh.806.806.5	405.582763671875000	SHcIAEVEK	QNcDQFEK	2022.87761	2022.87463378906	5.0000000000000	1.20503932808959
		3	3	1.20503932808959
Zybaylov_012312_BSA_ox_regularHighCh.821.821.4	506.725585937500000	SHcIAEVEK	QNcDQFEK	2022.87761	2022.87109375	4.0000000000000	0.879144742336925
		3	3	0.879144742336925
Zybaylov_012312_BSA_ox_regularHighCh.1094.1094.4	464.235961914062500	SHcIAEVEK	LcVLHEK	1852.91762	1852.91259765625	4.0000000000000	0.994073470865002
		3	2	0.994073470865002
Zybaylov_012312_BSA_ox_regularHighCh.1565.1565.4	709.845275878906250	SHcIAEVEK	RPcFSALTPDETYVPK	2835.35728	2835.34985351562	4.0000000000000	0.166666666666667
		3	3	0.166666666666667
Zybaylov_012312_BSA_ox_regularHighCh.1223.1223.4	897.167724609375000	DDPHAcYSTVFDK	LKPDPNTLcDEFKADEKK	3584.64412	3584.6396484375	4.0000000000000	0.846583825954076
		6	9	0.846583825954076
Zybaylov_012312_BSA_ox_regularHighCh.1775.1775.5	475.018615722656250	QNcDQFEK	SLHTLFGDELcK	2370.06213	2370.05395507812	5.0000000000000	0.635398613518198
		3	11	0.635398613518198
Zybaylov_012312_BSA_ox_regularHighCh.625.625.4	415.187622070312500	QNcDQFEK	cASIQK	1656.72366	1656.71923828125	4.0000000000000	0.1
		3	1	0.1
Zybaylov_012312_BSA_ox_regularHighCh.627.627.4	415.187683105468750	QNcDQFEK	cASIQK	1656.72366	1656.71948242188	4.0000000000000	0.1
		3	1	0.1
Zybaylov_012312_BSA_ox_regularHighCh.1109.1109.4	599.510070800781250	QNcDQFEK	YIcDNQDTISSK	2394.01048	2394.00903320312	4.0000000000000	0.683055103148751
		3	3	0.683055103148751
Zybaylov_012312_BSA_ox_regularHighCh.1127.1127.4	599.510620117187500	QNcDQFEK	YIcDNQDTISSK	2394.01048	2394.01123046875	4.0000000000000	0.598228827361563
		3	3	0.598228827361563
Zybaylov_012312_BSA_ox_regularHighCh.806.806.5	405.582763671875000	QNcDQFEK	SHcIAEVEK	2022.87761	2022.87463378906	5.0000000000000	1.16657778962805
		3	3	1.16657778962805
Zybaylov_012312_BSA_ox_regularHighCh.821.821.4	506.725585937500000	QNcDQFEK	SHcIAEVEK	2022.87761	2022.87109375	4.0000000000000	0.840683203875386
		3	3	0.840683203875386
Zybaylov_012312_BSA_ox_regularHighCh.868.868.4	505.709564208984375	QNcDQFEK	QNcDQFEK	2018.80992	2018.80700683594	4.0000000000000	0.333333333333333
		3	3	0.333333333333333
Zybaylov_012312_BSA_ox_regularHighCh.871.871.4	505.710266113281250	QNcDQFEK	QNcDQFEK	2018.80992	2018.80981445313	4.0000000000000	0.25
		3	3	0.25
Zybaylov_012312_BSA_ox_regularHighCh.1705.1705.4	708.831054687500000	QNcDQFEK	RPcFSALTPDETYVPK	2831.28959	2831.29296875	4.0000000000000	0.378583061889251
		3	3	0.378583061889251
Zybaylov_012312_BSA_ox_regularHighCh.1710.1710.5	567.266113281250000	QNcDQFEK	RPcFSALTPDETYVPK	2831.28959	2831.29150390625	5.0000000000000	0.858275563258232
		3	3	0.858275563258232
Zybaylov_012312_BSA_ox_regularHighCh.1719.1719.4	708.831420898437500	QNcDQFEK	RPcFSALTPDETYVPK	2831.28959	2831.29443359375	4.0000000000000	0.775027144408252
		3	3	0.775027144408252
Zybaylov_012312_BSA_ox_regularHighCh.1981.1981.5	749.136718750000000	MPcTEDYLSLILNR	EccHGDLLEcADDRADLAK	3740.66146	3740.64453125	5.0000000000000	1.49411342855435
		3	10	1.49411342855435
		3	2	1.2757425446722
		3	3	1.2757425446722
Zybaylov_012312_BSA_ox_regularHighCh.2398.2398.4	579.286315917968750	MPcTEDYLSLILNR	cASIQK	2313.11681	2313.11401367188	4.0000000000000	0.482152551574376
		3	1	0.482152551574376
Zybaylov_012312_BSA_ox_regularHighCh.2497.2497.4	763.607543945312500	MPcTEDYLSLILNR	YIcDNQDTISSK	3050.40363	3050.39892578125	4.0000000000000	0.957827460270457
		3	3	0.957827460270457
Zybaylov_012312_BSA_ox_regularHighCh.2373.2373.4	627.317749023437500	MPcTEDYLSLILNR	LcVLHEK	2505.24308	2505.23974609375	4.0000000000000	0.394967107364118
		3	2	0.394967107364118
Zybaylov_012312_BSA_ox_regularHighCh.2375.2375.5	502.054901123046875	MPcTEDYLSLILNR	LcVLHEK	2505.24308	2505.2353515625	5.0000000000000	0.460750331328372
		3	2	0.460750331328372
Zybaylov_012312_BSA_ox_regularHighCh.2379.2379.4	627.317321777343750	MPcTEDYLSLILNR	LcVLHEK	2505.24308	2505.23803710937	4.0000000000000	0.176470588235294
		3	2	0.176470588235294
Zybaylov_012312_BSA_ox_regularHighCh.2562.2562.5	655.542114257812500	LcVLHEK	GLVLIAFSQYLQQcPFDEHVK	3272.67275	3272.67138671875	5.0000000000000	0.958261120739457
		2	14	0.958261120739457
Zybaylov_012312_BSA_ox_regularHighCh.1839.1839.5	441.027862548828125	LcVLHEK	SLHTLFGDELcK	2200.10214	2200.10009765625	5.0000000000000	0.577758521086077
		2	11	0.577758521086077
Zybaylov_012312_BSA_ox_regularHighCh.1848.1848.4	551.033386230468750	LcVLHEK	SLHTLFGDELcK	2200.10214	2200.10229492188	4.0000000000000	0.704777415852334
		2	11	0.704777415852334
Zybaylov_012312_BSA_ox_regularHighCh.1182.1182.4	557.020446777343750	LcVLHEK	YIcDNQDTISSK	2224.05049	2224.05053710938	4.0000000000000	0.942888165038002
		2	3	0.942888165038002
Zybaylov_012312_BSA_ox_regularHighCh.1187.1187.4	557.019531250000000	LcVLHEK	YIcDNQDTISSK	2224.05049	2224.046875	4.0000000000000	1.214332247557
		2	3	1.214332247557
Zybaylov_012312_BSA_ox_regularHighCh.1094.1094.4	464.235961914062500	LcVLHEK	SHcIAEVEK	1852.91762	1852.91259765625	4.0000000000000	0.952406804198335
		2	3	0.952406804198335
Zybaylov_012312_BSA_ox_regularHighCh.2373.2373.4	627.317749023437500	LcVLHEK	MPcTEDYLSLILNR	2505.24308	2505.23974609375	4.0000000000000	0.315130612505589
		2	3	0.315130612505589
Zybaylov_012312_BSA_ox_regularHighCh.2375.2375.5	502.054901123046875	LcVLHEK	MPcTEDYLSLILNR	2505.24308	2505.2353515625	5.0000000000000	0.460750331328372
		2	3	0.460750331328372
Zybaylov_012312_BSA_ox_regularHighCh.2379.2379.4	627.317321777343750	LcVLHEK	MPcTEDYLSLILNR	2505.24308	2505.23803710937	4.0000000000000	0.147058823529412
		2	3	0.147058823529412
Zybaylov_012312_BSA_ox_regularHighCh.1032.1032.4	420.730407714843750	LcVLHEK	LcVLHEK	1678.88994	1678.89038085938	4.0000000000000	1.314332247557
		2	2	1.314332247557
Zybaylov_012312_BSA_ox_regularHighCh.1170.1170.4	420.728271484375000	LcVLHEK	LcVLHEK	1678.88994	1678.8818359375	4.0000000000000	0.771444082519001
		2	2	0.771444082519001
Zybaylov_012312_BSA_ox_regularHighCh.1762.1762.4	466.478057861328125	LcVLHEK	ccTESLVNR	1861.88494	1861.88098144531	4.0000000000000	1.02384183858125
		2	1	0.982175171914586
		2	2	1.02384183858125
Zybaylov_012312_BSA_ox_regularHighCh.1766.1766.4	466.480346679687500	LcVLHEK	ccTESLVNR	1861.88494	1861.89013671875	4.0000000000000	0.726203402099168
		2	1	0.726203402099168
		2	2	0.726203402099168
Zybaylov_012312_BSA_ox_regularHighCh.1679.1679.5	533.273681640625000	LcVLHEK	RPcFSALTPDETYVPK	2661.3296	2661.32934570312	5.0000000000000	1.01746784639241
		2	3	1.01746784639241
Zybaylov_012312_BSA_ox_regularHighCh.1689.1689.4	666.341552734375000	LcVLHEK	RPcFSALTPDETYVPK	2661.3296	2661.3349609375	4.0000000000000	0.372192696725527
		2	3	0.372192696725527
Zybaylov_012312_BSA_ox_regularHighCh.1691.1691.4	666.339843750000000	LcVLHEK	RPcFSALTPDETYVPK	2661.3296	2661.328125	4.0000000000000	0.327075832904737
		2	3	0.327075832904737
Zybaylov_012312_BSA_ox_regularHighCh.1695.1695.5	533.272888183593750	LcVLHEK	RPcFSALTPDETYVPK	2661.3296	2661.3251953125	5.0000000000000	1.35952750159628
		2	3	1.35952750159628
Zybaylov_012312_BSA_ox_regularHighCh.2011.2011.4	673.090454101562500	LcVLHEK	LFTFHADIcTLPDTEK	2688.32926	2688.33056640625	4.0000000000000	0.939882278987371
		2	9	0.939882278987371
Zybaylov_012312_BSA_ox_regularHighCh.2013.2013.4	673.087951660156250	LcVLHEK	LFTFHADIcTLPDTEK	2688.32926	2688.32055664062	4.0000000000000	0.815818046745528
		2	9	0.815818046745528
Zybaylov_012312_BSA_ox_regularHighCh.2016.2016.5	538.673217773437500	LcVLHEK	LFTFHADIcTLPDTEK	2688.32926	2688.32690429688	5.0000000000000	0.491197664872754
		2	9	0.491197664872754
Zybaylov_012312_BSA_ox_regularHighCh.2019.2019.5	538.673461914062500	LcVLHEK	LFTFHADIcTLPDTEK	2688.32926	2688.328125	5.0000000000000	0.482440937699535
		2	9	0.482440937699535
Zybaylov_012312_BSA_ox_regularHighCh.1319.1319.5	574.064941406250000	ccTESLVNR	NEcFLSHKDDSPDLPK	2865.27329	2865.28564453125	5.0000000000000	0.888833869769745
		1	3	0.865024345960221
		2	3	0.888833869769745
Zybaylov_012312_BSA_ox_regularHighCh.1762.1762.4	466.478057861328125	ccTESLVNR	LcVLHEK	1861.88494	1861.88098144531	4.0000000000000	1.06550850524792
		1	2	1.02384183858125
		2	2	1.06550850524792
Zybaylov_012312_BSA_ox_regularHighCh.1766.1766.4	466.480346679687500	ccTESLVNR	LcVLHEK	1861.88494	1861.89013671875	4.0000000000000	0.726203402099168
		1	2	0.726203402099168
		2	2	0.726203402099168
Zybaylov_012312_BSA_ox_regularHighCh.1776.1776.4	712.087646484375000	ccTESLVNR	RPcFSALTPDETYVPK	2844.3246	2844.3193359375	4.0000000000000	0.897988728607621
		1	3	0.874179204798097
		2	3	0.897988728607621
Zybaylov_012312_BSA_ox_regularHighCh.2370.2370.4	918.701843261718750	RPcFSALTPDETYVPK	SLGKVGTRccTKPESER	3670.79075	3670.77612304688	4.0000000000000	0.800516679770864
		3	10	0.753715975888277
		3	9	0.800516679770864
Zybaylov_012312_BSA_ox_regularHighCh.2073.2073.5	668.932800292968750	RPcFSALTPDETYVPK	LKPDPNTLcDEFK	3339.61571	3339.62475585938	5.0000000000000	0.953275563258232
		3	9	0.953275563258232
Zybaylov_012312_BSA_ox_regularHighCh.1522.1522.4	618.306762695312500	RPcFSALTPDETYVPK	cASIQK	2469.20333	2469.19580078125	4.0000000000000	0.579382313910001
		3	1	0.579382313910001
Zybaylov_012312_BSA_ox_regularHighCh.1524.1524.4	618.305908203125000	RPcFSALTPDETYVPK	cASIQK	2469.20333	2469.1923828125	4.0000000000000	0.400802268066112
		3	1	0.400802268066112
Zybaylov_012312_BSA_ox_regularHighCh.1796.1796.4	802.632263183593750	RPcFSALTPDETYVPK	YIcDNQDTISSK	3206.49015	3206.49780273437	4.0000000000000	0.630971769815418
		3	3	0.630971769815418
Zybaylov_012312_BSA_ox_regularHighCh.1809.1809.4	802.630249023437500	RPcFSALTPDETYVPK	YIcDNQDTISSK	3206.49015	3206.48974609375	4.0000000000000	0.651805103148751
		3	3	0.651805103148751
Zybaylov_012312_BSA_ox_regularHighCh.1565.1565.4	709.845275878906250	RPcFSALTPDETYVPK	SHcIAEVEK	2835.35728	2835.34985351562	4.0000000000000	0.166666666666667
		3	3	0.166666666666667
Zybaylov_012312_BSA_ox_regularHighCh.1705.1705.4	708.831054687500000	RPcFSALTPDETYVPK	QNcDQFEK	2831.28959	2831.29296875	4.0000000000000	0.378583061889251
		3	3	0.378583061889251
Zybaylov_012312_BSA_ox_regularHighCh.1710.1710.5	567.266113281250000	RPcFSALTPDETYVPK	QNcDQFEK	2831.28959	2831.29150390625	5.0000000000000	0.883275563258232
		3	3	0.883275563258232
Zybaylov_012312_BSA_ox_regularHighCh.1719.1719.4	708.831420898437500	RPcFSALTPDETYVPK	QNcDQFEK	2831.28959	2831.29443359375	4.0000000000000	0.800027144408252
		3	3	0.800027144408252
Zybaylov_012312_BSA_ox_regularHighCh.1679.1679.5	533.273681640625000	RPcFSALTPDETYVPK	LcVLHEK	2661.3296	2661.32934570312	5.0000000000000	1.15780352093405
		3	2	1.15780352093405
Zybaylov_012312_BSA_ox_regularHighCh.1689.1689.4	666.341552734375000	RPcFSALTPDETYVPK	LcVLHEK	2661.3296	2661.3349609375	4.0000000000000	0.469941139493685
		3	2	0.469941139493685
Zybaylov_012312_BSA_ox_regularHighCh.1691.1691.4	666.339843750000000	RPcFSALTPDETYVPK	LcVLHEK	2661.3296	2661.328125	4.0000000000000	0.353391622378422
		3	2	0.353391622378422
Zybaylov_012312_BSA_ox_regularHighCh.1695.1695.5	533.272888183593750	RPcFSALTPDETYVPK	LcVLHEK	2661.3296	2661.3251953125	5.0000000000000	1.35952750159628
		3	2	1.35952750159628
Zybaylov_012312_BSA_ox_regularHighCh.1776.1776.4	712.087646484375000	RPcFSALTPDETYVPK	ccTESLVNR	2844.3246	2844.3193359375	4.0000000000000	0.98642779587405
		3	1	0.962618272064526
		3	2	0.98642779587405
Zybaylov_012312_BSA_ox_regularHighCh.2026.2026.4	911.951660156250000	RPcFSALTPDETYVPK	RPcFSALTPDETYVPK	3643.76926	3643.775390625	4.0000000000000	0.0714285714285714
		3	3	0.0714285714285714
Zybaylov_012312_BSA_ox_regularHighCh.2030.2030.4	911.947387695312500	RPcFSALTPDETYVPK	RPcFSALTPDETYVPK	3643.76926	3643.75830078125	4.0000000000000	0.107142857142857
		3	3	0.107142857142857
Zybaylov_012312_BSA_ox_regularHighCh.2032.2032.5	729.764038085937500	RPcFSALTPDETYVPK	RPcFSALTPDETYVPK	3643.76926	3643.78100585938	5.0000000000000	0.60708096063382
		3	3	0.60708096063382
Zybaylov_012312_BSA_ox_regularHighCh.2041.2041.5	729.762145996093750	RPcFSALTPDETYVPK	RPcFSALTPDETYVPK	3643.76926	3643.771484375	5.0000000000000	1.05942064867541
		3	3	1.05942064867541
Zybaylov_012312_BSA_ox_regularHighCh.2370.2370.4	918.701843261718750	RPcFSALTPDETYVPK	LFTFHADIcTLPDTEK	3670.76892	3670.77612304688	4.0000000000000	0.895435861641073
		3	9	0.895435861641073
Zybaylov_012312_BSA_ox_regularHighCh.2061.2061.5	936.449951171875000	LFTFHADIcTLPDTEK	DDSPDLPKLKPDPNTLcDEFKADEK	4677.21447	4677.21044921875	5.0000000000000	1.3782612768748
		9	17	1.3782612768748
Zybaylov_012312_BSA_ox_regularHighCh.1803.1803.5	640.293640136718750	LFTFHADIcTLPDTEK	TcVADESHAGcEK	3196.41528	3196.42895507812	5.0000000000000	0.18
		9	11	0.18
		9	2	0.16
Zybaylov_012312_BSA_ox_regularHighCh.1895.1895.4	625.058715820312500	LFTFHADIcTLPDTEK	cASIQK	2496.20299	2496.20361328125	4.0000000000000	0.690493425021112
		9	1	0.690493425021112
Zybaylov_012312_BSA_ox_regularHighCh.1912.1912.4	625.058288574218750	LFTFHADIcTLPDTEK	cASIQK	2496.20299	2496.20190429688	4.0000000000000	0.69842562432139
		9	1	0.69842562432139
Zybaylov_012312_BSA_ox_regularHighCh.2011.2011.4	673.090454101562500	LFTFHADIcTLPDTEK	LcVLHEK	2688.32926	2688.33056640625	4.0000000000000	0.966198068461055
		9	2	0.966198068461055
Zybaylov_012312_BSA_ox_regularHighCh.2013.2013.4	673.087951660156250	LFTFHADIcTLPDTEK	LcVLHEK	2688.32926	2688.32055664062	4.0000000000000	0.815818046745528
		9	2	0.815818046745528
Zybaylov_012312_BSA_ox_regularHighCh.2016.2016.5	538.673217773437500	LFTFHADIcTLPDTEK	LcVLHEK	2688.32926	2688.32690429688	5.0000000000000	0.46488187539907
		9	2	0.46488187539907
Zybaylov_012312_BSA_ox_regularHighCh.2019.2019.5	538.673461914062500	LFTFHADIcTLPDTEK	LcVLHEK	2688.32926	2688.328125	5.0000000000000	0.456125148225851
		9	2	0.456125148225851
Zybaylov_012312_BSA_ox_regularHighCh.2370.2370.4	918.701843261718750	LFTFHADIcTLPDTEK	RPcFSALTPDETYVPK	3670.76892	3670.77612304688	4.0000000000000	0.895435861641073
		9	3	0.895435861641073
Zybaylov_012312_BSA_ox_regularHighCh.674.674.4	642.524108886718750	ccAADDK	NEcFLSHKDDSPDLPK	2566.07755	2566.06518554688	4.0000000000000	0.992513857934739
		1	3	0.966198068461055
		2	3	0.992513857934739
